224 64
0 _ 0 0 7
33 ! 0 0.00183105 15
34 " 0.00183105 0.0045166 22
35 # 0.0045166 0.00860596 33
36 $ 0.00860596 0.012085 28
37 % 0.012085 0.0178833 47
38 & 0.0178833 0.0214233 29
39 ' 0.0214233 0.0230103 13
40 ( 0.0230103 0.0253906 19
41 ) 0.0253906 0.027771 19
42 * 0.027771 0.0309448 26
43 + 0.0309448 0.0344238 28
44 , 0.0344238 0.0358887 12
45 - 0.0358887 0.038147 18
46 . 0.038147 0.0394897 11
47 / 0.0394897 0.0429077 28
48 0 0.0429077 0.0466309 30
49 1 0.0466309 0.0502319 29
50 2 0.0502319 0.0540161 31
51 3 0.0540161 0.0574951 28
52 4 0.0574951 0.0614624 32
53 5 0.0614624 0.0650635 29
54 6 0.0650635 0.0689697 32
55 7 0.0689697 0.0725708 29
56 8 0.0725708 0.0762939 30
57 9 0.0762939 0.0800781 31
58 : 0.0800781 0.081665 13
59 ; 0.081665 0.0834961 15
60 < 0.0834961 0.0873413 31
61 = 0.0873413 0.0908813 29
62 > 0.0908813 0.0947266 31
63 ? 0.0947266 0.0976563 24
64 @ 0.0976563 0.103333 46
65 A 0.103333 0.107849 37
66 B 0.107849 0.111755 32
67 C 0.111755 0.115601 31
68 D 0.115601 0.120056 36
69 E 0.120056 0.123901 31
70 F 0.123901 0.127502 29
71 G 0.127502 0.131592 33
72 H 0.131592 0.136169 37
73 I 0.136169 0.138184 16
74 J 0.138184 0.140381 18
75 K 0.140381 0.144775 36
76 L 0.144775 0.148254 28
77 M 0.148254 0.153687 44
78 N 0.153687 0.158203 37
79 O 0.158203 0.162598 36
80 P 0.162598 0.166504 32
81 Q 0.166504 0.171021 37
82 R 0.171021 0.17511 33
83 S 0.17511 0.178101 24
84 T 0.178101 0.182129 33
85 U 0.182129 0.186401 35
86 V 0.186401 0.190552 34
87 W 0.190552 0.196716 50
88 X 0.196716 0.200562 31
89 Y 0.200562 0.204529 32
90 Z 0.204529 0.207886 27
91 [ 0.207886 0.210388 20
92 \ 0.210388 0.213562 26
93 ] 0.213562 0.216064 20
94 ^ 0.216064 0.219482 28
95 _ 0.219482 0.222351 23
96 ` 0.222351 0.223938 13
97 a 0.223938 0.227417 28
98 b 0.227417 0.231018 29
99 c 0.231018 0.23407 25
100 d 0.23407 0.237793 30
101 e 0.237793 0.240967 26
102 f 0.240967 0.243408 20
103 g 0.243408 0.246582 26
104 h 0.246582 0.250183 29
105 i 0.250183 0.251953 14
106 j 0.251953 0.253784 15
107 k 0.253784 0.257507 30
108 l 0.257507 0.259155 13
109 m 0.259155 0.264832 46
110 n 0.264832 0.268555 30
111 o 0.268555 0.272095 29
112 p 0.272095 0.275818 30
113 q 0.275818 0.279541 30
114 r 0.279541 0.282349 23
115 s 0.282349 0.285095 22
116 t 0.285095 0.287537 20
117 u 0.287537 0.290955 28
118 v 0.290955 0.294434 28
119 w 0.294434 0.299561 42
120 x 0.299561 0.302795 26
121 y 0.302795 0.306335 29
122 z 0.306335 0.309204 23
123 { 0.309204 0.311951 22
124 | 0.311951 0.313843 15
125 } 0.313843 0.316589 22
126 ~ 0.316589 0.32135 39
127  0.32135 0.32135 0
128 Ä 0.32135 0.326416 41
129 Å 0.326416 0.329651 26
130 Ç 0.329651 0.330933 10
131 É 0.330933 0.33374 23
132 Ñ 0.33374 0.336243 20
133 Ö 0.336243 0.341248 41
134 Ü 0.341248 0.344421 26
135 á 0.344421 0.348022 29
136 à 0.348022 0.352234 34
137 â 0.352234 0.360657 69
138 ä 0.360657 0.367065 52
139 ã 0.367065 0.369141 17
140 å 0.369141 0.375305 50
141 ç 0.375305 0.379761 36
142 é 0.379761 0.384827 41
143 è 0.384827 0.38916 35
144 ê 0.38916 0.392639 28
145 ë 0.392639 0.394043 11
146 í 0.394043 0.395569 12
147 ì 0.395569 0.398071 20
148 î 0.398071 0.400696 21
149 ï 0.400696 0.403503 23
150 ñ 0.403503 0.406921 28
151 ó 0.406921 0.413635 55
152 ò 0.413635 0.416443 23
153 ô 0.416443 0.420959 37
154 ö 0.420959 0.42627 43
155 õ 0.42627 0.428101 15
156 ú 0.428101 0.433716 46
157 ù 0.433716 0.437256 29
158 û 0.437256 0.440918 30
159 ü 0.440918 0.444641 30
160 † 0.444641 0.448669 33
161 ° 0.448669 0.452148 28
162 ¢ 0.452148 0.454102 16
163 £ 0.454102 0.457825 30
164 § 0.457825 0.461426 29
165 • 0.461426 0.463074 13
166 ¶ 0.463074 0.466858 31
167 ß 0.466858 0.47052 30
1025 ® 0.47052 0.476257 47
169 © 0.476257 0.480164 32
170 ™ 0.480164 0.483521 27
171 ´ 0.483521 0.487122 29
172 ¨ 0.487122 0.487122 0
173 ≠ 0.487122 0.492981 48
174 Æ 0.492981 0.495117 17
175 Ø 0.495117 0.497681 21
176 ∞ 0.497681 0.501343 30
177 ± 0.501343 0.50354 18
178 ≤ 0.50354 0.505493 16
179 ≥ 0.505493 0.508362 23
180 ¥ 0.508362 0.511963 29
181 µ 0.511963 0.515747 31
182 ∂ 0.515747 0.517517 14
183 ∑ 0.517517 0.520996 28
1105 ∏ 0.520996 0.527954 57
185 π 0.527954 0.531067 25
186 ∫ 0.531067 0.534241 26
187 ª 0.534241 0.536072 15
188 º 0.536072 0.53949 28
189 Ω 0.53949 0.542236 22
190 æ 0.542236 0.544189 16
191 ø 0.544189 0.544189 0
1040 ¿ 0.544189 0.548523 35
1041 ¡ 0.548523 0.552429 32
194 ¬ 0.552429 0.556519 33
195 √ 0.556519 0.559875 27
196 ƒ 0.559875 0.56427 36
197 ≈ 0.56427 0.567993 30
198 ∆ 0.567993 0.574463 53
199 « 0.574463 0.577942 28
200 » 0.577942 0.582642 38
201 … 0.582642 0.587219 37
202   0.587219 0.591675 36
203 À 0.591675 0.596191 37
204 Ã 0.596191 0.601685 45
205 Õ 0.601685 0.606262 37
206 Œ 0.606262 0.610657 36
207 œ 0.610657 0.615234 37
208 – 0.615234 0.619019 31
209 — 0.619019 0.622742 30
210 “ 0.622742 0.626831 33
211 ” 0.626831 0.63092 33
212 ‘ 0.63092 0.635742 39
213 ’ 0.635742 0.639709 32
214 ÷ 0.639709 0.644104 36
215 ◊ 0.644104 0.648254 34
216 ÿ 0.648254 0.654358 50
217 Ÿ 0.654358 0.660706 52
218 ⁄ 0.660706 0.66571 41
219 € 0.66571 0.671265 45
220 ‹ 0.671265 0.675354 33
221 › 0.675354 0.679199 31
222 ﬁ 0.679199 0.685181 49
1071 ﬂ 0.685181 0.689514 35
1072 ‡ 0.689514 0.692993 28
225 · 0.692993 0.696533 29
226 ‚ 0.696533 0.700012 28
227 „ 0.700012 0.70282 23
228 ‰ 0.70282 0.706543 30
229 Â 0.706543 0.709595 25
230 Ê 0.709595 0.7146 41
231 Á 0.7146 0.717529 24
232 Ë 0.717529 0.721558 33
233 È 0.721558 0.725525 32
234 Í 0.725525 0.729187 30
235 Î 0.729187 0.732971 31
236 Ï 0.732971 0.737549 37
237 Ì 0.737549 0.741394 31
238 Ó 0.741394 0.745056 30
239 Ô 0.745056 0.748779 30
240  0.748779 0.752563 31
241 Ò 0.752563 0.755493 24
242 Ú 0.755493 0.758911 28
243 Û 0.758911 0.762573 30
244 Ù 0.762573 0.766724 34
245 ı 0.766724 0.770203 28
246 ˆ 0.770203 0.773865 30
247 ˜ 0.773865 0.777344 28
248 ¯ 0.777344 0.782715 44
249 ˘ 0.782715 0.788147 44
250 ˙ 0.788147 0.792236 33
251 ˚ 0.792236 0.79718 40
252 ¸ 0.79718 0.80072 29
253 ˝ 0.80072 0.803894 26
254 ˛ 0.803894 0.808899 41
1103 ˇ 0.808899 0.812561 30
