posX = 256
posY = 0
posY = 128
terrainWidth = 128
terrainHeight = 128
heightMapFilenameBase =  data/terrain/heightMaps/heightmap11
provFilename =  data/terrain/provMaps/provsmap11.dds


11: {
color = 1 0 0 1
numOfProvs = 118
Provs:
2426
2425
2427
2430
2431
2433
2432
2436
2278
2435
2438
2437
2320
2319
2306
2305
2298
2297
2296
2285
2284
2283
2286
2295
2287
2288
2290
2291
2292
2293
2294
2274
2301
2302
2299
2275
2303
2304
2307
2318
2336
2335
2321
2322
2323
2324
2325
2328
2329
2330
2332
2331
2333
2334
957 
2337
2317
2308
2309
2312
2313
2311
2310
2316
2315
2314
2342
2343
2341
2340
2344
2354
2345
2339
2338
2346
2273
2349
2364
2365
1723
1722
1721
2367
2386
2385
2384
958 
2381
2382
2380
2374
2375
2377
2376
2358
2373
2372
2383
2371
2370
2359
2369
2368
2362
2366
2363
2350
2351
2361
2360
2352
2357
2356
2355
2353
2347
2348
}