posX = 256
posY = 0
posZ = 256
terrainWidth = 128
terrainHeight = 128
heightMapFilenameBase =  data/terrain/heightMaps/heightmap7
provFilename =  data/terrain/provMaps/provsmap7.dds
physFilename = data/terrain/physTextures/terrainMap7.dds


7: {
color = 0 0 0 1
numOfProvs = 61
Provs:
2193
2194
2200
2207
2208
2209
2210
2214
2215
2206
2216
2222
2231
2236
2232
2236
2243
2244
2247
2255
2262
2263
2264
2165
2284
2284
2283
2288
2289
2280
2281
2282
2267
2270
2269
2251
2250
2268
2252
2266
2253
2254
2248
2249
2242
2237
2241
2238
2239
2240
2230
2223
2224
2229
2225
2228
2226
2213
2211
2212
2227
}