posX = 128
posY = 0
posZ = 128
terrainWidth = 128
terrainHeight = 128
heightMapFilenameBase =  data/terrain/heightMaps/heightmap10
provFilename =  data/terrain/provMaps/provsmap10.dds


10: {
color = 1 0 0 1
numOfProvs = 78
Provs:
2128
2117
2118
2117
2112
2113
2103
2099
2091
2087
2086
2077
2076
2143
2145
2146
2147
2153
2151
2150
2149
2148
2082
2081
2080
2144
2078
2079
2093
2094
2096
2097
2092
2098
2104
2105
2111
2110
2106
2095
2107
2108
2124
2123
2109
2122
2120
2121
2125
2119
2127
2126
2259
2259
2261
2263
2300
2440
2441
2439
2438
2278
2435
2434
2433
2430
2429
2427
2425
2428
2423
2417
2422
2277
2421
2418
2420
2419
}
